k_per_decade_for_pk = 50
k_bao_width = 8
k_per_decade_for_bao = 200
neglect_CMB_sources_below_visibility = 1e-30
transfer_neglect_late_source = 3000.0
l_max_g = 50
l_max_ur = 150
gauge = synchronous
h = 0.6781
Omega_cdm = 0.25980472746774946
Omega_b = 0.04867734979
Omega_k = 0
n_s = 0.9660499
alpha_s = 0.0
T_cmb = 2.7255
Omega_fld = 0.0
m_ncdm = 0.02000000,0.02000000,0.02000000
N_ncdm = 3
N_ur = 0.0043999999999999595
tol_ncdm_newtonian = 0.0001
tol_ncdm_synchronous = 0.0001
tol_ncdm_bg = 1e-10
l_max_ncdm = 50
ncdm_fluid_approximation = 2
ncdm_fluid_trigger_tau_over_tau_k = 10000.0
A_s = 2.100549e-09
output = dTk vTk mPk
P_k_max_h/Mpc = 643.3981754551896
z_max_pk = 100.0
z_pk = 99.0
extra metric transfer functions = y
